      0.7248999807        0.2675432476        0.4978043786         0.06400802339
      0.5432026204        0.9483837098        0.1576362121         0.06400802339
      0.1718264313        0.2414183626        0.9895685271         0.06400802339
      0.6522510686        0.6287246643        0.1915783335         0.06400802339
      0.8197033485        0.7482639882        0.4656740255         0.06400802339
      0.9360726615        0.3473742877        0.9610535081         0.06400802339
     0.06398903254        0.3821591633        0.2975034734         0.06400802339
      0.4593165565        0.2292675382        0.1365874118         0.06400802339
      0.1344815105        0.2203149447        0.4663037679         0.06400802339
     0.06397552447        0.6675217087        0.7169482092         0.06400802339
      0.9359961325         0.582085792        0.6590457245         0.06400802339
      0.6279964291         0.982398114        0.7028834441         0.06400802339
      0.3482161314        0.6696142395        0.7498438429         0.06400802339
      0.7690867374        0.6482600538        0.2396542378         0.06400802339
      0.1890325814        0.6536057504        0.1607646076         0.06400802339
      0.3511644768        0.9584911627        0.6685767148         0.06400802339
     0.06449558316         0.804573989        0.8728067112         0.06400802339
      0.0639578121        0.4936213449         0.421990155         0.06400802339
      0.6097289414        0.8608423736        0.3182796831         0.06400802339
      0.3561564164        0.8155176272        0.7939995956         0.06400802339
     0.06400119052        0.2588178721        0.2633798213         0.06400802339
      0.2796163146        0.8609881554        0.6267427368         0.06400802339
      0.7005653856        0.5629605257        0.9453260275         0.06400802339
      0.9360552696       0.05416626858        0.4094281566         0.06400802339
       0.438318663        0.5324366541        0.8796273461         0.06400802339
     0.06397755459        0.6000238661        0.6082140564         0.06400802339
      0.7377465271        0.8245651171       0.03720745885         0.06400802339
      0.5249315312        0.1892209924       0.03416999595         0.06400802339
      0.6149603571        0.8766310731       0.03233372408         0.06400802339
      0.7249266365        0.8382202878        0.7882850527         0.06400802339
      0.1732476987        0.2831815815        0.7999753076         0.06400802339
      0.7424938889           0.7935924        0.5571732071         0.06400802339
       0.249359478        0.2937335687        0.9021656544         0.06400802339
      0.4378905497        0.8643094195        0.2149908488         0.06400802339
      0.9360929236        0.2095349062        0.9726113761         0.06400802339
      0.2109469218         0.192142303        0.5967000952         0.06400802339
      0.7356138875        0.3430268061        0.3008008934         0.06400802339
      0.3712439192        0.9835797798        0.9855949169         0.06400802339
      0.2401774485        0.6505163402        0.2991673776         0.06400802339
      0.8203171835        0.1030223857        0.4336120896         0.06400802339
      0.7524655681        0.4882191389         0.855164869         0.06400802339
      0.4110176246        0.3399247588       0.09318438465         0.06400802339
     0.06394345316        0.1663484737        0.5592072223         0.06400802339
      0.7639148912        0.3848918054        0.4647417777         0.06400802339
      0.6974209451        0.3149234322        0.9775676382         0.06400802339
     0.06391417396       0.05655934743         0.494171566         0.06400802339
      0.3505513073         0.794917438        0.9956828959         0.06400802339
      0.9359990085        0.9836232384        0.7383883936         0.06400802339
      0.4397517195        0.4619924837        0.1222912147         0.06400802339
      0.4275536367        0.5125841735      0.005358659471         0.06400802339
      0.8158977683        0.3549660482      0.004077974155         0.06400802339
      0.5648104178       0.07445159132        0.6346918985         0.06400802339
      0.9362572902        0.6398656176       0.06398749517         0.06400802339
      0.2136953616        0.2436892529        0.3362594303         0.06400802339
      0.5416038258       0.05808591434        0.7593539258         0.06400802339
       0.936001764        0.9956293595        0.6109508634         0.06400802339
      0.9360419142        0.3114064899        0.2017950889         0.06400802339
      0.2375077352        0.4057079916        0.8126156873         0.06400802339
      0.1107211935        0.6519758594        0.8949231757         0.06400802339
      0.3490798913        0.3400696421        0.3225336769         0.06400802339
        0.44461726       0.03932974248        0.8511148942         0.06400802339
      0.4836590846        0.6694523811        0.7242496211         0.06400802339
      0.7337115603        0.8121971847        0.2393527785         0.06400802339
      0.6210903143         0.257472779       0.08378547933         0.06400802339
     0.07151030511        0.4059579669        0.1674862229         0.06400802339
      0.4133624989        0.4869617716        0.5437818319         0.06400802339
       0.936223402        0.3230183692        0.6460796894         0.06400802339
      0.2703222886       0.06220433443        0.9811281219         0.06400802339
      0.3733469901        0.9240074021        0.8597095163         0.06400802339
      0.4405263952        0.8789034012        0.9604977292         0.06400802339
      0.7500625823        0.5108862691         0.689741231         0.06400802339
      0.2331124524     0.0005060706007       0.08678665068         0.06400802339
      0.3589379699        0.2093382748        0.8127510553         0.06400802339
      0.9360058068        0.7414899898        0.9862202171         0.06400802339
      0.4518752941        0.3663661875        0.6395556905         0.06400802339
      0.7226294995        0.4404081461        0.9750166256         0.06400802339
      0.1436316469        0.3391118781       0.08211427371         0.06400802339
      0.2474934438        0.1159739266        0.2161543284         0.06400802339
      0.4853355881        0.9818593041        0.6733140344         0.06400802339
      0.5210645011        0.7927007911       0.01019797951         0.06400802339
     0.06404214556        0.4860820255        0.5497800428         0.06400802339
       0.936004377        0.2833699418       0.07700681472         0.06400802339
      0.5350350268        0.6306261009        0.3908787136         0.06400802339
       0.485826639        0.4880397844         0.424820219         0.06400802339
     0.06393821452        0.2280116684        0.8669285065         0.06400802339
      0.2707788272        0.8992649417        0.7485682798         0.06400802339
      0.6227212154        0.7663510441        0.5211442865         0.06400802339
      0.4468380425        0.8974718775       0.08933221869         0.06400802339
      0.8115959498        0.8235837093        0.3442995423         0.06400802339
     0.06391552382        0.3371578532        0.7612859896         0.06400802339
      0.9360490494        0.7720985851        0.3729219887         0.06400802339
      0.8168285984        0.7725851305        0.9510733422         0.06400802339
       0.936067748        0.6522591318        0.8945531484         0.06400802339
      0.8871858621        0.3992458895         0.100671802         0.06400802339
      0.0639715162        0.3210872951          0.43092017         0.06400802339
      0.4623513824        0.3974581475        0.3375313519         0.06400802339
      0.2334509986        0.7306576416        0.9486949966         0.06400802339
      0.4145120932        0.3710128614        0.2171417096         0.06400802339
      0.4277040553        0.7697950859       0.09461258671         0.06400802339
      0.5986468133        0.5188263446        0.4767026626         0.06400802339
      0.5996065244        0.4522788721        0.6337888925         0.1068933991
      0.8931332368        0.4574636552        0.5498254011         0.1068933991
      0.8935049807        0.2425249551         0.501532608         0.1068933991
      0.1067220606       0.07727819569        0.9344495747         0.1068933991
      0.3926316335        0.1218406284        0.6417440224         0.1068933991
      0.8931590379        0.9022803854        0.4744564923         0.1068933991
      0.4257784782        0.1893472939        0.2995557225         0.1068933991
      0.8932832207        0.4536036285        0.7632822961         0.1068933991
      0.3989839889        0.3669549073        0.8647786593         0.1068933991
         0.7215874        0.9467122234        0.9192272354         0.1068933991
      0.5774556338        0.3248050522        0.2343053439         0.1068933991
      0.8932759422        0.6090211073        0.3993698526         0.1068933991
      0.1064425872        0.1601848348        0.1304887401         0.1068933991
      0.1068095401        0.5041476844        0.7428365942         0.1068933991
      0.3452628642        0.5847479372        0.4214113458         0.1068933991
      0.5377700104        0.8992381103        0.8214478573         0.1068933991
      0.7827070005        0.9281238826        0.6551492896         0.1068933991
      0.7981941021        0.6420478607        0.7945747652         0.1068933991
      0.4456307457        0.8176551067         0.648484518         0.1068933991
      0.6430452392        0.3610845837        0.8224566621         0.1068933991
      0.5013915215        0.6325193017        0.5583602449         0.1068933991
      0.4444499649        0.7028295465        0.8870308445         0.1068933991
      0.8932770609        0.3897378171        0.3472579168         0.1068933991
      0.1061780713        0.3269806353        0.5964105933         0.1068933991
      0.2813169569        0.9792818249        0.3128457052         0.1068933991
      0.1061965012        0.8111895874        0.6017760243         0.1068933991
      0.3250339899        0.6380731992       0.05851850459         0.1068933991
      0.4113372561        0.5153853005        0.7121554056         0.1068933991
      0.1065011232        0.9556453581        0.1920927062         0.1068933991
      0.6885037093        0.1870832781        0.3521566302         0.1068933991
      0.7135331817        0.5045242031        0.3517597475         0.1068933991
      0.7172865413        0.9779478749        0.3795816684         0.1068933991
       0.881029944        0.5089013749        0.9693118271         0.1068933991
      0.3986815203        0.7014119699        0.2483501985         0.1068933991
      0.7126145702        0.1457353577         0.993243104         0.1068933991
      0.4948066363        0.9872354008        0.3187739415         0.1068933991
      0.6993535076        0.4724812199        0.1414929446         0.1068933991
      0.5210975798        0.1916076675         0.863345119         0.1068933991
      0.7674955462        0.6598569538       0.06930946235         0.1068933991
      0.1068514973        0.5536931272       0.04911704346         0.1068933991
       0.892624095        0.8978911434       0.03911056859         0.1068933991
      0.7181180502        0.1129028104        0.5698646756         0.1068933991
      0.6527098612        0.7452377093          0.91213367         0.1068933991
      0.7663411178        0.3206902652        0.6541643723         0.1068933991
       0.567670273        0.2428827308        0.6612032767         0.1068933991
      0.2271222859        0.9011996464        0.9447257267         0.1068933991
      0.8937206988        0.5405714027        0.1962525759         0.1068933991
      0.5266457795        0.1270174746        0.4767732955         0.1068933991
      0.2063975908        0.4054919406        0.3889478947         0.1068933991
      0.2829119488        0.6934866703        0.5937889938         0.1068933991
      0.2459423804        0.4854530566        0.5819057425         0.1068933991
      0.5858845082        0.3513045352        0.4459877589         0.1068933991
      0.7028327497        0.1132888951        0.7826779106         0.1068933991
      0.3835806331        0.9585808308         0.500782754         0.1068933991
      0.5805017671        0.7819855157        0.1700026785         0.1068933991
      0.1063319257        0.7666634707       0.05670791284         0.1068933991
      0.2985441789        0.3076133664        0.6867962894         0.1068933991
      0.5619736702        0.6077909076       0.04810827231         0.1068933991
      0.2711302224        0.5647294606        0.8652252736         0.1068933991
       0.893244165        0.1028722764       0.09875470299         0.1068933991
      0.2849501441        0.1408535985        0.4520671934         0.1068933991
      0.5910741007        0.9324649591        0.5440391345         0.1068933991
      0.1060030227         0.384592975        0.9196093565         0.1068933991
       0.894052785        0.9666184732        0.2627995362         0.1068933991
      0.1063901395        0.1463127743        0.7232948988         0.1068933991
      0.8936317273        0.8355754852         0.812379563         0.1068933991
      0.1061252858        0.5439132929        0.2622287921         0.1068933991
      0.1190151915        0.6518604823        0.4551760833         0.1068933991
      0.1064488782        0.9388318648        0.7726226411         0.1068933991
       0.279733305         0.058163685        0.8106871773         0.1068933991
      0.2837656368        0.8476191232        0.1436876333         0.1068933991
      0.3584935791        0.2068444931     0.0002024757646         0.1068933991
      0.5262957721        0.5309400066        0.2524343941         0.1068933991
      0.5504690482        0.3946613645       0.01137631419         0.1068933991
      0.6821340069        0.7150153802        0.3699845232         0.1068933991
      0.7162494331        0.9540982125        0.1459262799         0.1068933991
      0.1953523983      0.004988235941        0.5901864357         0.1068933991
      0.4892777615        0.7929685687        0.4182139473         0.1068933991
      0.8940095708        0.1770988354        0.2986604287         0.1068933991
      0.8931613841        0.1414641459        0.6889521417         0.1068933991
      0.2738777565        0.2811269282        0.1813179135         0.1068933991
      0.6378038972        0.7328327785        0.6873835501         0.1068933991
      0.5859576746        0.1193758672        0.1777743927         0.1068933991
      0.1997680788        0.7476394389        0.7825427257         0.1068933991
      0.7325451899        0.6021940777        0.5463479997         0.1068933991
      0.5371610794       0.02368123791        0.9938854325         0.1068933991
      0.8931291106        0.7427841376        0.6198524034         0.1068933991
      0.2806392958        0.4307342998       0.03059153601         0.1068933991
      0.7774938167        0.2748126471        0.1499023333         0.1068933991
      0.3125556943        0.5071747814        0.2265717647         0.1068933991
       0.106874426        0.7566575152        0.2694995158         0.1068933991
      0.8937057997       0.06715036731        0.8884905712         0.1068933991
      0.3783170036        0.3287870429        0.4901330897         0.1068933991
       0.386834222       0.05023444318        0.1422477124         0.1068933991
      0.5918590351        0.5670886356        0.8134791522         0.1068933991
      0.1066033054        0.1111956769         0.338108441         0.1068933991
       0.106345145        0.9123127563        0.4144843968         0.1068933991
      0.8330991659        0.2682926423        0.8501279103         0.1068933991
       0.276688825        0.7855593283        0.4015686045         0.1068933991
      0.8935391122        0.7606670455        0.2080350599         0.1068933991
